start=663.663000
volume=95.000000
