start=5393.368526
pause=yes
ab-loop-a=4128.654311
