start=0.000000
volume=130.000000
fullscreen=yes
ab-loop-a=0.466667
