start=3003.626000
pause=yes
ab-loop-a=3893.584000
