start=2668.699811
speed=1.050000
