start=0.792458
ab-loop-a=0.000000
