start=64.898167
volume=110.000000
fullscreen=yes
