start=36.119417
volume=110.000000
fullscreen=yes
