start=63.396667
volume=110.000000
