start=10.051708
volume=110.000000
