start=353.394708
sub-visibility=no
ab-loop-a=12.666667
ab-loop-b=12.666667
