start=4201.543000
volume=95.000000
