start=0.291958
volume=110.000000
