start=38.997292
pause=yes
volume=110.000000
