start=6822.823167
volume=95.000000
fullscreen=yes
ab-loop-a=3021.220311
