start=56.306250
volume=110.000000
