start=0.375375
ab-loop-a=0.000000
