start=14.264250
ab-loop-a=0.000000
