start=4762.825467
volume=95.000000
sub-delay=0.100000
