start=5920.391859
pause=yes
volume=83.000000
sid=no
sub-delay=-1.300000
