start=270.536933
volume=95.000000
