start=2.002000
ab-loop-a=0.000000
