start=189.314125
volume=110.000000
