start=3108.130249
pause=yes
volume=105.000000
