start=14.889875
volume=110.000000
