start=1710.943000
volume=95.000000
