start=593.300000
ab-loop-a=0.000000
