start=140.223417
volume=110.000000
