start=295.962333
volume=110.000000
