start=4316.641000
pause=yes
sub-delay=-0.100000
