start=0.500000
ab-loop-a=0.000000
