start=5220.918000
volume=115.000000
