start=93.098844
video-aspect-override=1.777778
