start=1.584917
ab-loop-a=0.000000
