start=280.633333
pause=yes
sub-visibility=no
ab-loop-a=12.666667
ab-loop-b=12.666667
