start=43.209833
volume=60.000000
