start=0.366667
volume=110.000000
