start=2.168833
volume=110.000000
