start=2.702700
ab-loop-a=0.000000
