start=0.266667
volume=110.000000
