start=202.744208
volume=110.000000
