start=239.739500
speed=0.458112
