start=1361.460100
volume=95.000000
