start=3.000000
sid=no
ab-loop-a=26.901875
