start=1021.051066
pause=yes
sub-delay=-0.200000
