start=0.066667
volume=110.000000
