start=0.125125
volume=110.000000
