start=64.272542
ab-loop-a=0.000000
