start=274.141000
volume=95.000000
