start=96.304542
volume=110.000000
fullscreen=yes
