start=102.185417
sub-visibility=no
ab-loop-a=12.666667
ab-loop-b=12.666667
