start=8.091417
ab-loop-a=0.000000
