start=133.383250
volume=110.000000
fullscreen=yes
