start=230.480250
volume=115.000000
