start=28.278250
volume=130.000000
fullscreen=yes
