start=0.100000
volume=110.000000
fullscreen=yes
