start=311.936625
volume=110.000000
