start=601.751000
pause=yes
ab-loop-a=816.709000
