start=15.598917
volume=110.000000
