start=8.049708
ab-loop-a=0.000000
