start=101.101000
volume=110.000000
fullscreen=yes
