start=4.700000
pause=yes
sub-visibility=no
ab-loop-a=12.666667
ab-loop-b=12.666667
