start=1.533333
volume=110.000000
