start=344.427417
volume=130.000000
fullscreen=yes
