start=4790.334000
pause=yes
volume=95.000000
