start=564.633333
volume=130.000000
