start=0.320000
volume=110.000000
